#NAME=latitude,longitude,absolute-altitude,heading
KRDR=47.935555,-97.407457,208.1,320.0
CSFS=48.72125155780121,-97.90813312418388,361.0,180
